0	-1.19E-02
0.001	3.75E-03
0.002	-1.19E-02
0.003	-1.19E-02
0.004	3.75E-03
0.005	3.75E-03
0.006	-1.19E-02
0.007	-1.19E-02
0.008	-1.19E-02
0.009	3.75E-03
0.01	3.75E-03
0.011	1.94E-02
0.012	3.75E-03
0.013	-1.19E-02
0.014	3.75E-03
0.015	3.75E-03
0.016	-1.19E-02
0.017	3.75E-03
0.018	3.75E-03
0.019	1.94E-02
0.02	3.75E-03
0.021	3.75E-03
0.022	-1.19E-02
0.023	-1.19E-02
0.024	-1.19E-02
0.025	-1.19E-02
0.026	-1.19E-02
0.027	-1.19E-02
0.028	-1.19E-02
0.029	-2.75E-02
0.03	-1.19E-02
0.031	-1.19E-02
0.032	-1.19E-02
0.033	-2.75E-02
0.034	-1.19E-02
0.035	3.75E-03
0.036	3.75E-03
0.037	3.75E-03
0.038	-1.19E-02
0.039	3.75E-03
0.04	3.75E-03
0.041	3.75E-03
0.042	1.94E-02
0.043	3.75E-03
0.044	3.75E-03
0.045	3.75E-03
0.046	3.75E-03
0.047	1.94E-02
0.048	3.75E-03
0.049	3.75E-03
0.05	1.94E-02
0.051	1.94E-02
0.052	1.94E-02
0.053	1.94E-02
0.054	1.94E-02
0.055	3.50E-02
0.056	1.94E-02
0.057	1.94E-02
0.058	1.94E-02
0.059	3.75E-03
0.06	3.75E-03
0.061	-1.19E-02
0.062	-1.19E-02
0.063	-1.19E-02
0.064	-1.19E-02
0.065	-2.75E-02
0.066	3.75E-03
0.067	-2.75E-02
0.068	-2.75E-02
0.069	-2.75E-02
0.07	-1.19E-02
0.071	-1.19E-02
0.072	3.75E-03
0.073	-1.19E-02
0.074	-1.19E-02
0.075	3.75E-03
0.076	-2.75E-02
0.077	-2.75E-02
0.078	-2.75E-02
0.079	-1.19E-02
0.08	-1.19E-02
0.081	-1.19E-02
0.082	-1.19E-02
0.083	3.75E-03
0.084	-1.19E-02
0.085	-1.19E-02
0.086	-1.19E-02
0.087	3.75E-03
0.088	3.75E-03
0.089	3.75E-03
0.09	-1.19E-02
0.091	1.94E-02
0.092	3.75E-03
0.093	3.75E-03
0.094	3.75E-03
0.095	3.75E-03
0.096	3.75E-03
0.097	1.94E-02
0.098	1.94E-02
0.099	1.94E-02
0.1	1.94E-02
0.101	3.50E-02
0.102	3.50E-02
0.103	1.94E-02
0.104	1.94E-02
0.105	1.94E-02
0.106	3.75E-03
0.107	3.75E-03
0.108	3.75E-03
0.109	3.75E-03
0.11	3.75E-03
0.111	1.94E-02
0.112	3.75E-03
0.113	3.75E-03
0.114	-1.19E-02
0.115	3.75E-03
0.116	3.75E-03
0.117	3.75E-03
0.118	3.75E-03
0.119	1.94E-02
0.12	3.75E-03
0.121	3.75E-03
0.122	3.75E-03
0.123	3.75E-03
0.124	-1.19E-02
0.125	-1.19E-02
0.126	-1.19E-02
0.127	3.75E-03
0.128	-1.19E-02
0.129	-1.19E-02
0.13	-1.19E-02
0.131	-2.75E-02
0.132	3.75E-03
0.133	-1.19E-02
0.134	-2.75E-02
0.135	-2.75E-02
0.136	-2.75E-02
0.137	-2.75E-02
0.138	-1.19E-02
0.139	-1.19E-02
0.14	3.75E-03
0.141	3.75E-03
0.142	3.75E-03
0.143	3.75E-03
0.144	3.75E-03
0.145	1.94E-02
0.146	3.75E-03
0.147	3.75E-03
0.148	3.75E-03
0.149	3.75E-03
0.15	3.75E-03
0.151	-1.19E-02
0.152	-1.19E-02
0.153	-1.19E-02
0.154	-1.19E-02
0.155	-1.19E-02
0.156	-1.19E-02
0.157	-1.19E-02
0.158	-1.19E-02
0.159	-1.19E-02
0.16	-1.19E-02
0.161	3.75E-03
0.162	-1.19E-02
0.163	3.75E-03
0.164	3.75E-03
0.165	3.75E-03
0.166	3.75E-03
0.167	3.75E-03
0.168	3.75E-03
0.169	3.75E-03
0.17	3.75E-03
0.171	3.75E-03
0.172	3.75E-03
0.173	3.75E-03
0.174	3.75E-03
0.175	3.75E-03
0.176	1.94E-02
0.177	3.75E-03
0.178	3.75E-03
0.179	3.75E-03
0.18	3.75E-03
0.181	-1.19E-02
0.182	1.94E-02
0.183	3.75E-03
0.184	-1.19E-02
0.185	3.75E-03
0.186	3.75E-03
0.187	3.75E-03
0.188	1.94E-02
0.189	-1.19E-02
0.19	-1.19E-02
0.191	3.75E-03
0.192	3.75E-03
0.193	3.75E-03
0.194	3.75E-03
0.195	1.94E-02
0.196	1.94E-02
0.197	3.50E-02
0.198	1.94E-02
0.199	1.94E-02
0.2	3.75E-03
0.201	3.75E-03
0.202	3.75E-03
0.203	3.75E-03
0.204	-1.19E-02
0.205	3.75E-03
0.206	3.75E-03
0.207	-1.19E-02
0.208	-1.19E-02
0.209	-2.75E-02
0.21	-1.19E-02
0.211	-2.75E-02
0.212	-2.75E-02
0.213	-2.75E-02
0.214	-1.19E-02
0.215	-2.75E-02
0.216	-2.75E-02
0.217	-1.19E-02
0.218	-1.19E-02
0.219	-1.19E-02
0.22	-1.19E-02
0.221	-2.75E-02
0.222	3.75E-03
0.223	3.75E-03
0.224	3.75E-03
0.225	3.75E-03
0.226	3.75E-03
0.227	3.75E-03
0.228	3.75E-03
0.229	3.75E-03
0.23	-1.19E-02
0.231	3.75E-03
0.232	-1.19E-02
0.233	-2.75E-02
0.234	-2.75E-02
0.235	-1.19E-02
0.236	-2.75E-02
0.237	-2.75E-02
0.238	-1.19E-02
0.239	-1.19E-02
0.24	-1.19E-02
0.241	3.75E-03
0.242	1.94E-02
0.243	1.94E-02
0.244	1.94E-02
0.245	1.94E-02
0.246	3.50E-02
0.247	1.94E-02
0.248	1.94E-02
0.249	1.94E-02
0.25	1.94E-02
0.251	1.94E-02
0.252	1.94E-02
0.253	3.75E-03
0.254	3.75E-03
0.255	3.75E-03
0.256	3.75E-03
0.257	1.94E-02
0.258	3.75E-03
0.259	1.94E-02
0.26	3.75E-03
0.261	3.75E-03
0.262	3.75E-03
0.263	3.75E-03
0.264	3.75E-03
0.265	-1.19E-02
0.266	-1.19E-02
0.267	3.75E-03
0.268	3.75E-03
0.269	-1.19E-02
0.27	-1.19E-02
0.271	-2.75E-02
0.272	-2.75E-02
0.273	-1.19E-02
0.274	-2.75E-02
0.275	3.75E-03
0.276	-2.75E-02
0.277	-1.19E-02
0.278	-1.19E-02
0.279	-1.19E-02
0.28	-1.19E-02
0.281	-1.19E-02
0.282	3.75E-03
0.283	3.75E-03
0.284	-1.19E-02
0.285	-1.19E-02
0.286	3.75E-03
0.287	-1.19E-02
0.288	3.75E-03
0.289	3.75E-03
0.29	1.94E-02
0.291	3.75E-03
0.292	3.75E-03
0.293	3.75E-03
0.294	3.75E-03
0.295	-1.19E-02
0.296	-1.19E-02
0.297	-2.75E-02
0.298	-1.19E-02
0.299	-1.19E-02
0.3	-2.75E-02
0.301	-2.75E-02
0.302	-4.31E-02
0.303	-4.31E-02
0.304	-4.31E-02
0.305	-2.75E-02
0.306	-1.19E-02
0.307	3.75E-03
0.308	1.94E-02
0.309	3.50E-02
0.31	5.06E-02
0.311	5.06E-02
0.312	5.06E-02
0.313	6.63E-02
0.314	8.19E-02
0.315	6.63E-02
0.316	6.63E-02
0.317	6.63E-02
0.318	6.63E-02
0.319	5.06E-02
0.32	3.50E-02
0.321	3.50E-02
0.322	1.94E-02
0.323	3.50E-02
0.324	3.75E-03
0.325	1.94E-02
0.326	1.94E-02
0.327	3.75E-03
0.328	3.75E-03
0.329	3.75E-03
0.33	-2.75E-02
0.331	-1.19E-02
0.332	-2.75E-02
0.333	-2.75E-02
0.334	-4.31E-02
0.335	-4.31E-02
0.336	-7.44E-02
0.337	-7.44E-02
0.338	-9.00E-02
0.339	-1.06E-01
0.34	-1.21E-01
0.341	-1.37E-01
0.342	-1.21E-01
0.343	-1.68E-01
0.344	-1.53E-01
0.345	-9.00E-02
0.346	-7.44E-02
0.347	-9.00E-02
0.348	-7.44E-02
0.349	-4.31E-02
0.35	-7.44E-02
0.351	-4.31E-02
0.352	-1.19E-02
0.353	5.06E-02
0.354	9.75E-02
0.355	1.44E-01
0.356	1.76E-01
0.357	2.23E-01
0.358	2.38E-01
0.359	2.54E-01
0.36	2.54E-01
0.361	2.23E-01
0.362	2.07E-01
0.363	1.76E-01
0.364	1.44E-01
0.365	1.29E-01
0.366	9.75E-02
0.367	3.50E-02
0.368	1.94E-02
0.369	-2.75E-02
0.37	-7.44E-02
0.371	-1.37E-01
0.372	-1.53E-01
0.373	-1.99E-01
0.374	-2.46E-01
0.375	-2.46E-01
0.376	-2.31E-01
0.377	-2.46E-01
0.378	-1.99E-01
0.379	-1.99E-01
0.38	-1.53E-01
0.381	-1.37E-01
0.382	-2.75E-02
0.383	3.75E-03
0.384	1.94E-02
0.385	6.63E-02
0.386	1.13E-01
0.387	1.29E-01
0.388	1.44E-01
0.389	1.60E-01
0.39	1.60E-01
0.391	1.60E-01
0.392	1.60E-01
0.393	1.44E-01
0.394	1.13E-01
0.395	9.75E-02
0.396	6.63E-02
0.397	5.06E-02
0.398	1.94E-02
0.399	3.75E-03
0.4	-2.75E-02
0.401	-5.88E-02
0.402	-9.00E-02
0.403	-9.00E-02
0.404	-1.06E-01
0.405	-1.06E-01
0.406	-9.00E-02
0.407	-9.00E-02
0.408	-5.88E-02
0.409	-5.88E-02
0.41	-4.31E-02
0.411	-2.75E-02
0.412	-1.19E-02
0.413	-1.19E-02
0.414	1.94E-02
0.415	3.50E-02
0.416	3.50E-02
0.417	5.06E-02
0.418	6.63E-02
0.419	6.63E-02
0.42	5.06E-02
0.421	6.63E-02
0.422	5.06E-02
0.423	3.50E-02
0.424	3.50E-02
0.425	3.50E-02
0.426	1.94E-02
0.427	3.75E-03
0.428	3.75E-03
0.429	-1.19E-02
0.43	-2.75E-02
0.431	-2.75E-02
0.432	-2.75E-02
0.433	-4.31E-02
0.434	-5.88E-02
0.435	-4.31E-02
0.436	-4.31E-02
0.437	-5.88E-02
0.438	-2.75E-02
0.439	-2.75E-02
0.44	-1.19E-02
0.441	-2.75E-02
0.442	-1.19E-02
0.443	-1.19E-02
0.444	-1.19E-02
0.445	3.75E-03
0.446	3.75E-03
0.447	3.75E-03
0.448	3.75E-03
0.449	3.75E-03
0.45	1.94E-02
0.451	3.75E-03
0.452	1.94E-02
0.453	3.50E-02
0.454	1.94E-02
0.455	3.50E-02
0.456	3.50E-02
0.457	3.50E-02
0.458	3.50E-02
0.459	1.94E-02
0.46	3.75E-03
0.461	-1.19E-02
0.462	-1.19E-02
0.463	3.75E-03
0.464	-2.75E-02
0.465	-2.75E-02
0.466	-2.75E-02
0.467	-2.75E-02
0.468	-2.75E-02
0.469	-1.19E-02
0.47	-1.19E-02
0.471	-1.19E-02
0.472	3.75E-03
0.473	-1.19E-02
0.474	-1.19E-02
0.475	3.75E-03
0.476	3.75E-03
0.477	3.75E-03
0.478	3.75E-03
0.479	-1.19E-02
0.48	3.75E-03
0.481	3.75E-03
0.482	3.75E-03
0.483	3.75E-03
0.484	3.75E-03
0.485	3.75E-03
0.486	-1.19E-02
0.487	-1.19E-02
0.488	3.75E-03
0.489	3.75E-03
0.49	3.75E-03
0.491	1.94E-02
0.492	3.75E-03
0.493	1.94E-02
0.494	1.94E-02
0.495	1.94E-02
0.496	1.94E-02
0.497	1.94E-02
0.498	3.75E-03
0.499	3.75E-03
0.5	3.75E-03
0.501	1.94E-02
0.502	1.94E-02
0.503	3.75E-03
0.504	1.94E-02
0.505	3.75E-03
0.506	1.94E-02
0.507	3.75E-03
0.508	3.75E-03
0.509	3.75E-03
0.51	3.75E-03
0.511	3.75E-03
0.512	-1.19E-02
0.513	-1.19E-02
0.514	3.75E-03
0.515	-1.19E-02
0.516	-2.75E-02
0.517	-2.75E-02
0.518	-2.75E-02
0.519	-2.75E-02
0.52	-2.75E-02
0.521	-2.75E-02
0.522	-1.19E-02
0.523	-1.19E-02
0.524	3.75E-03
0.525	3.75E-03
0.526	3.75E-03
0.527	3.75E-03
0.528	1.94E-02
0.529	1.94E-02
0.53	3.75E-03
0.531	1.94E-02
0.532	3.75E-03
0.533	1.94E-02
0.534	1.94E-02
0.535	3.75E-03
0.536	3.75E-03
0.537	3.75E-03
0.538	3.75E-03
0.539	3.75E-03
0.54	3.75E-03
0.541	-1.19E-02
0.542	-1.19E-02
0.543	-1.19E-02
0.544	-2.75E-02
0.545	-1.19E-02
0.546	-1.19E-02
0.547	-1.19E-02
0.548	-2.75E-02
0.549	-1.19E-02
0.55	-1.19E-02
0.551	-1.19E-02
0.552	-1.19E-02
0.553	-1.19E-02
0.554	-1.19E-02
0.555	-1.19E-02
0.556	3.75E-03
0.557	3.75E-03
0.558	3.75E-03
0.559	3.75E-03
0.56	3.75E-03
0.561	-1.19E-02
0.562	3.75E-03
0.563	3.75E-03
0.564	3.75E-03
0.565	3.75E-03
0.566	3.75E-03
0.567	1.94E-02
0.568	3.75E-03
0.569	1.94E-02
0.57	1.94E-02
0.571	1.94E-02
0.572	3.75E-03
0.573	1.94E-02
0.574	3.75E-03
0.575	3.75E-03
0.576	-1.19E-02
0.577	-1.19E-02
0.578	-1.19E-02
0.579	-1.19E-02
0.58	3.75E-03
0.581	-1.19E-02
0.582	3.75E-03
0.583	-1.19E-02
0.584	3.75E-03
0.585	-1.19E-02
0.586	3.75E-03
0.587	1.94E-02
0.588	3.75E-03
0.589	3.75E-03
0.59	3.75E-03
0.591	1.94E-02
0.592	3.75E-03
0.593	3.75E-03
0.594	1.94E-02
0.595	3.75E-03
0.596	3.75E-03
0.597	3.75E-03
0.598	1.94E-02
0.599	3.75E-03
0.6	3.75E-03
0.601	-1.19E-02
0.602	-1.19E-02
0.603	-1.19E-02
0.604	-1.19E-02
0.605	3.75E-03
0.606	3.75E-03
0.607	3.75E-03
0.608	3.75E-03
0.609	3.75E-03
0.61	3.75E-03
0.611	-1.19E-02
0.612	-1.19E-02
0.613	-1.19E-02
0.614	-2.75E-02
0.615	-1.19E-02
0.616	-2.75E-02
0.617	-2.75E-02
0.618	-1.19E-02
0.619	-2.75E-02
0.62	-2.75E-02
0.621	-1.19E-02
0.622	-1.19E-02
0.623	-1.19E-02
0.624	3.75E-03
0.625	3.75E-03
0.626	3.75E-03
0.627	3.75E-03
0.628	3.75E-03
0.629	3.75E-03
0.63	1.94E-02
0.631	1.94E-02
0.632	1.94E-02
0.633	3.50E-02
0.634	1.94E-02
0.635	1.94E-02
0.636	1.94E-02
0.637	3.50E-02
0.638	1.94E-02
0.639	1.94E-02
0.64	1.94E-02
0.641	3.75E-03
0.642	1.94E-02
0.643	-1.19E-02
0.644	-1.19E-02
0.645	-1.19E-02
0.646	-2.75E-02
0.647	-2.75E-02
0.648	-4.31E-02
0.649	-4.31E-02
0.65	-4.31E-02
0.651	-4.31E-02
0.652	-4.31E-02
0.653	-5.88E-02
0.654	-5.88E-02
0.655	-7.44E-02
0.656	-9.00E-02
0.657	-1.06E-01
0.658	-1.37E-01
0.659	-4.31E-02
0.66	-4.31E-02
0.661	3.75E-03
0.662	2.54E-01
0.663	3.16E-01
0.664	3.16E-01
0.665	2.69E-01
0.666	2.07E-01
0.667	1.60E-01
0.668	1.60E-01
0.669	9.75E-02
0.67	8.19E-02
0.671	-1.19E-02
0.672	-1.06E-01
0.673	-1.99E-01
0.674	-2.31E-01
0.675	-2.31E-01
0.676	-1.99E-01
0.677	-1.84E-01
0.678	-1.99E-01
0.679	-1.99E-01
0.68	-2.15E-01
0.681	-1.99E-01
0.682	-1.53E-01
0.683	-9.00E-02
0.684	-2.75E-02
0.685	1.94E-02
0.686	5.06E-02
0.687	9.75E-02
0.688	1.60E-01
0.689	2.54E-01
0.69	2.69E-01
0.691	2.69E-01
0.692	2.85E-01
0.693	3.01E-01
0.694	2.85E-01
0.695	2.38E-01
0.696	1.44E-01
0.697	8.19E-02
0.698	1.94E-02
0.699	-4.31E-02
0.7	-1.06E-01
0.701	-1.84E-01
0.702	-2.31E-01
0.703	-2.62E-01
0.704	-2.93E-01
0.705	-2.62E-01
0.706	-2.46E-01
0.707	-2.31E-01
0.708	-1.84E-01
0.709	-1.53E-01
0.71	-9.00E-02
0.711	-2.75E-02
0.712	1.94E-02
0.713	1.94E-02
0.714	9.75E-02
0.715	1.13E-01
0.716	1.44E-01
0.717	1.44E-01
0.718	1.44E-01
0.719	1.29E-01
0.72	1.29E-01
0.721	8.19E-02
0.722	8.19E-02
0.723	5.06E-02
0.724	3.50E-02
0.725	1.94E-02
0.726	3.75E-03
0.727	-1.19E-02
0.728	-1.19E-02
0.729	-1.19E-02
0.73	-1.19E-02
0.731	3.75E-03
0.732	1.94E-02
0.733	1.94E-02
0.734	1.94E-02
0.735	1.94E-02
0.736	3.50E-02
0.737	1.94E-02
0.738	1.94E-02
0.739	1.94E-02
0.74	3.75E-03
0.741	-2.75E-02
0.742	-4.31E-02
0.743	-4.31E-02
0.744	-5.88E-02
0.745	-7.44E-02
0.746	-7.44E-02
0.747	-7.44E-02
0.748	-7.44E-02
0.749	-7.44E-02
0.75	-5.88E-02
0.751	-4.31E-02
0.752	-4.31E-02
0.753	-2.75E-02
0.754	-1.19E-02
0.755	-1.19E-02
0.756	-1.19E-02
0.757	3.75E-03
0.758	1.94E-02
0.759	3.75E-03
0.76	3.75E-03
0.761	-1.19E-02
0.762	3.75E-03
0.763	3.75E-03
0.764	3.75E-03
0.765	1.94E-02
0.766	1.94E-02
0.767	3.75E-03
0.768	3.50E-02
0.769	3.50E-02
0.77	5.06E-02
0.771	3.50E-02
0.772	5.06E-02
0.773	5.06E-02
0.774	5.06E-02
0.775	5.06E-02
0.776	3.50E-02
0.777	3.50E-02
0.778	1.94E-02
0.779	1.94E-02
0.78	1.94E-02
0.781	-1.19E-02
0.782	-1.19E-02
0.783	-1.19E-02
0.784	-2.75E-02
0.785	-2.75E-02
0.786	-2.75E-02
0.787	3.75E-03
0.788	-1.19E-02
0.789	1.94E-02
0.79	3.75E-03
0.791	-1.19E-02
0.792	-1.19E-02
0.793	3.75E-03
0.794	-1.19E-02
0.795	3.75E-03
0.796	3.75E-03
0.797	-1.19E-02
0.798	-1.19E-02
0.799	-1.19E-02
0.8	-2.75E-02
0.801	-2.75E-02
0.802	-1.19E-02
0.803	-2.75E-02
0.804	-1.19E-02
0.805	-1.19E-02
0.806	-1.19E-02
0.807	3.75E-03
0.808	3.75E-03
0.809	3.75E-03
0.81	3.75E-03
0.811	-1.19E-02
0.812	-1.19E-02
0.813	-1.19E-02
0.814	3.75E-03
0.815	1.94E-02
0.816	3.75E-03
0.817	-1.19E-02
0.818	-1.19E-02
0.819	3.75E-03
0.82	-1.19E-02
0.821	-1.19E-02
0.822	-1.19E-02
0.823	-1.19E-02
0.824	-1.19E-02
0.825	3.75E-03
0.826	-1.19E-02
0.827	3.75E-03
0.828	-1.19E-02
0.829	-1.19E-02
0.83	1.94E-02
0.831	1.94E-02
0.832	1.94E-02
0.833	1.94E-02
0.834	3.75E-03
0.835	1.94E-02
0.836	1.94E-02
0.837	1.94E-02
0.838	1.94E-02
0.839	3.75E-03
0.84	3.75E-03
0.841	-1.19E-02
0.842	-1.19E-02
0.843	-1.19E-02
0.844	-1.19E-02
0.845	-2.75E-02
0.846	-2.75E-02
0.847	-1.19E-02
0.848	-1.19E-02
0.849	-1.19E-02
0.85	-1.19E-02
0.851	-1.19E-02
0.852	-1.19E-02
0.853	-1.19E-02
0.854	-1.19E-02
0.855	-1.19E-02
0.856	3.75E-03
0.857	1.94E-02
0.858	1.94E-02
0.859	1.94E-02
0.86	1.94E-02
0.861	3.50E-02
0.862	3.50E-02
0.863	3.50E-02
0.864	3.50E-02
0.865	3.50E-02
0.866	3.50E-02
0.867	3.50E-02
0.868	1.94E-02
0.869	1.94E-02
0.87	3.75E-03
0.871	3.75E-03
0.872	3.75E-03
0.873	-1.19E-02
0.874	-2.75E-02
0.875	-2.75E-02
0.876	-2.75E-02
0.877	-2.75E-02
0.878	-2.75E-02
0.879	-2.75E-02
0.88	-2.75E-02
0.881	-2.75E-02
0.882	-2.75E-02
0.883	-2.75E-02
0.884	-1.19E-02
0.885	-1.19E-02
0.886	-1.19E-02
0.887	3.75E-03
0.888	3.75E-03
0.889	3.75E-03
0.89	3.75E-03
0.891	3.75E-03
0.892	3.75E-03
0.893	3.75E-03
0.894	3.75E-03
0.895	1.94E-02
0.896	3.75E-03
0.897	3.75E-03
0.898	3.75E-03
0.899	3.75E-03
0.9	3.75E-03
0.901	3.75E-03
0.902	3.75E-03
0.903	-1.19E-02
0.904	-1.19E-02
0.905	1.94E-02
0.906	-1.19E-02
0.907	-1.19E-02
0.908	-1.19E-02
0.909	-1.19E-02
0.91	-1.19E-02
0.911	3.75E-03
0.912	-1.19E-02
0.913	-1.19E-02
0.914	-1.19E-02
0.915	3.75E-03
0.916	3.75E-03
0.917	-1.19E-02
0.918	3.75E-03
0.919	3.75E-03
0.92	-1.19E-02
0.921	3.75E-03
0.922	3.75E-03
0.923	1.94E-02
0.924	3.75E-03
0.925	3.75E-03
0.926	3.75E-03
0.927	3.75E-03
0.928	1.94E-02
0.929	1.94E-02
0.93	3.75E-03
0.931	3.75E-03
0.932	3.75E-03
0.933	3.75E-03
0.934	3.75E-03
0.935	3.75E-03
0.936	-1.19E-02
0.937	-1.19E-02
0.938	-1.19E-02
0.939	3.75E-03
0.94	3.75E-03
0.941	-1.19E-02
0.942	3.75E-03
0.943	3.75E-03
0.944	3.75E-03
0.945	-1.19E-02
0.946	-2.75E-02
0.947	-1.19E-02
0.948	-1.19E-02
0.949	3.75E-03
0.95	3.75E-03
0.951	3.75E-03
0.952	1.94E-02
0.953	3.75E-03
0.954	3.75E-03
0.955	3.75E-03
0.956	3.75E-03
0.957	3.75E-03
0.958	3.75E-03
0.959	3.75E-03
0.96	3.75E-03
0.961	3.75E-03
0.962	3.75E-03
0.963	1.94E-02
0.964	3.75E-03
0.965	3.75E-03
0.966	3.75E-03
0.967	3.75E-03
0.968	3.75E-03
0.969	3.75E-03
0.97	3.75E-03
0.971	-1.19E-02
0.972	3.75E-03
0.973	3.75E-03
0.974	-1.19E-02
0.975	3.75E-03
0.976	3.75E-03
0.977	-1.19E-02
0.978	-1.19E-02
0.979	3.75E-03
0.98	-1.19E-02
0.981	-1.19E-02
0.982	3.75E-03
0.983	-1.19E-02
0.984	-2.75E-02
0.985	-2.75E-02
0.986	-2.75E-02
0.987	-2.75E-02
0.988	3.75E-03
0.989	-1.19E-02
0.99	-1.19E-02
0.991	3.75E-03
0.992	3.75E-03
0.993	-1.19E-02
0.994	-1.19E-02
0.995	3.75E-03
0.996	1.94E-02
0.997	1.94E-02
0.998	3.75E-03
0.999	1.94E-02
1	1.94E-02
1.001	1.94E-02
1.002	1.94E-02
1.003	1.94E-02
1.004	1.94E-02
1.005	1.94E-02
1.006	1.94E-02
1.007	1.94E-02
1.008	1.94E-02
1.009	1.94E-02
1.01	3.75E-03
1.011	3.75E-03
1.012	-1.19E-02
1.013	3.75E-03
1.014	-1.19E-02
1.015	3.75E-03
1.016	3.75E-03
1.017	-1.19E-02
1.018	-1.19E-02
1.019	-1.19E-02
1.02	-1.19E-02
1.021	-1.19E-02
1.022	-1.19E-02
1.023	-1.19E-02
1.024	-1.19E-02
1.025	-1.19E-02
1.026	3.75E-03
1.027	-2.75E-02
1.028	-1.19E-02
1.029	-1.19E-02
1.03	-1.19E-02
1.031	-1.19E-02
1.032	3.75E-03
1.033	-1.19E-02
1.034	3.75E-03
1.035	-1.19E-02
1.036	3.75E-03
1.037	3.75E-03
1.038	3.75E-03
1.039	3.75E-03
1.04	1.94E-02
1.041	3.75E-03
1.042	1.94E-02
1.043	1.94E-02
1.044	1.94E-02
1.045	1.94E-02
1.046	1.94E-02
1.047	1.94E-02
1.048	3.75E-03
1.049	3.75E-03
1.05	-1.19E-02
1.051	-1.19E-02
1.052	-1.19E-02
1.053	-1.19E-02
1.054	-1.19E-02
1.055	-1.19E-02
1.056	-1.19E-02
1.057	-1.19E-02
1.058	3.75E-03
1.059	-2.75E-02
1.06	-1.19E-02
1.061	-1.19E-02
1.062	-2.75E-02
1.063	-1.19E-02
1.064	3.75E-03
1.065	3.75E-03
1.066	-1.19E-02
1.067	3.75E-03
1.068	3.75E-03
1.069	1.94E-02
1.07	1.94E-02
1.071	1.94E-02
1.072	1.94E-02
1.073	1.94E-02
1.074	1.94E-02
1.075	3.75E-03
1.076	3.75E-03
1.077	-1.19E-02
1.078	3.75E-03
1.079	-1.19E-02
1.08	-1.19E-02
1.081	3.75E-03
1.082	3.75E-03
1.083	3.75E-03
1.084	-1.19E-02
1.085	3.75E-03
1.086	3.75E-03
1.087	3.75E-03
1.088	3.75E-03
1.089	3.75E-03
1.09	3.75E-03
1.091	-1.19E-02
1.092	-1.19E-02
1.093	-1.19E-02
1.094	3.75E-03
1.095	-1.19E-02
1.096	1.94E-02
1.097	3.75E-03
1.098	-1.19E-02
1.099	-1.19E-02
1.1	3.75E-03
1.101	-1.19E-02
1.102	-1.19E-02
1.103	-1.19E-02
1.104	3.75E-03
1.105	-1.19E-02
1.106	-1.19E-02
1.107	1.94E-02
1.108	3.75E-03
1.109	-1.19E-02
1.11	3.75E-03
1.111	-1.19E-02
1.112	-1.19E-02
1.113	3.75E-03
1.114	3.75E-03
1.115	-1.19E-02
1.116	-1.19E-02
1.117	3.75E-03
1.118	-1.19E-02
1.119	-1.19E-02
1.12	3.75E-03
1.121	3.75E-03
1.122	3.75E-03
1.123	3.75E-03
1.124	3.75E-03
1.125	3.75E-03
1.126	3.75E-03
1.127	3.75E-03
1.128	3.75E-03
1.129	3.75E-03
1.13	3.75E-03
1.131	3.75E-03
1.132	3.75E-03
1.133	3.75E-03
1.134	-1.19E-02
1.135	3.75E-03
1.136	-1.19E-02
1.137	-1.19E-02
1.138	-1.19E-02
1.139	3.75E-03
1.14	-1.19E-02
1.141	-1.19E-02
1.142	3.75E-03
1.143	-1.19E-02
1.144	3.75E-03
1.145	3.75E-03
1.146	3.75E-03
1.147	3.75E-03
1.148	3.75E-03
1.149	1.94E-02
1.15	3.75E-03
1.151	3.75E-03
1.152	3.75E-03
1.153	3.75E-03
1.154	1.94E-02
1.155	1.94E-02
1.156	1.94E-02
1.157	1.94E-02
1.158	1.94E-02
1.159	1.94E-02
1.16	3.75E-03
1.161	-1.19E-02
1.162	3.75E-03
1.163	3.75E-03
1.164	-1.19E-02
1.165	-1.19E-02
1.166	-1.19E-02
1.167	-1.19E-02
1.168	-1.19E-02
1.169	3.75E-03
1.17	-2.75E-02
1.171	-1.19E-02
1.172	-1.19E-02
1.173	-1.19E-02
1.174	-1.19E-02
1.175	-1.19E-02
1.176	-1.19E-02
1.177	-1.19E-02
1.178	3.75E-03
1.179	-1.19E-02
1.18	3.75E-03
1.181	-1.19E-02
1.182	-1.19E-02
1.183	3.75E-03
1.184	3.75E-03
1.185	-1.19E-02
1.186	-1.19E-02
1.187	-2.75E-02
1.188	-1.19E-02
1.189	3.75E-03
1.19	-1.19E-02
1.191	-1.19E-02
1.192	3.75E-03
1.193	1.94E-02
1.194	1.94E-02
1.195	1.94E-02
1.196	1.94E-02
1.197	3.75E-03
1.198	3.75E-03
1.199	1.94E-02
1.2	1.94E-02
1.201	1.94E-02
1.202	3.75E-03
1.203	3.75E-03
1.204	3.75E-03
1.205	3.75E-03
1.206	1.94E-02
1.207	1.94E-02
1.208	3.75E-03
1.209	3.75E-03
1.21	-1.19E-02
1.211	-1.19E-02
1.212	-1.19E-02
1.213	-2.75E-02
1.214	-2.75E-02
1.215	-1.19E-02
1.216	-1.19E-02
1.217	-1.19E-02
1.218	-1.19E-02
1.219	-1.19E-02
1.22	-1.19E-02
1.221	3.75E-03
1.222	-1.19E-02
1.223	3.75E-03
1.224	3.75E-03
1.225	3.75E-03
1.226	3.75E-03
1.227	-1.19E-02
1.228	3.75E-03
1.229	3.75E-03
1.23	-1.19E-02
1.231	-1.19E-02
1.232	3.75E-03
1.233	3.75E-03
1.234	1.94E-02
1.235	3.75E-03
1.236	3.75E-03
1.237	3.75E-03
1.238	3.75E-03
1.239	3.75E-03
1.24	3.75E-03
1.241	3.75E-03
1.242	3.75E-03
1.243	3.75E-03
1.244	3.75E-03
1.245	3.75E-03
1.246	1.94E-02
1.247	3.75E-03
1.248	3.75E-03
1.249	3.75E-03
1.25	3.75E-03
1.251	3.75E-03
1.252	3.75E-03
1.253	3.75E-03
1.254	3.75E-03
1.255	3.75E-03
1.256	1.94E-02
1.257	3.75E-03
1.258	3.75E-03
1.259	3.75E-03
1.26	1.94E-02
1.261	-1.19E-02
1.262	-1.19E-02
1.263	-1.19E-02
1.264	-1.19E-02
1.265	-1.19E-02
1.266	3.75E-03
1.267	-1.19E-02
1.268	3.75E-03
1.269	3.75E-03
1.27	-1.19E-02
1.271	-1.19E-02
1.272	-1.19E-02
1.273	-1.19E-02
1.274	3.75E-03
1.275	-1.19E-02
1.276	3.75E-03
1.277	-1.19E-02
1.278	-1.19E-02
1.279	-1.19E-02
1.28	3.75E-03
1.281	-1.19E-02
1.282	-1.19E-02
1.283	-1.19E-02
1.284	3.75E-03
1.285	3.75E-03
1.286	3.75E-03
1.287	-1.19E-02
1.288	-1.19E-02
1.289	-1.19E-02
1.29	3.75E-03
1.291	-2.75E-02
1.292	-1.19E-02
1.293	-1.19E-02
1.294	-1.19E-02
1.295	-1.19E-02
1.296	3.75E-03
1.297	3.75E-03
1.298	3.75E-03
1.299	1.94E-02
1.3	1.94E-02
1.301	1.94E-02
1.302	1.94E-02
1.303	1.94E-02
1.304	3.50E-02
1.305	3.50E-02
1.306	3.50E-02
1.307	3.50E-02
1.308	3.50E-02
1.309	3.50E-02
1.31	3.50E-02
1.311	1.94E-02
1.312	3.75E-03
1.313	1.94E-02
1.314	3.75E-03
1.315	-1.19E-02
1.316	-1.19E-02
1.317	-1.19E-02
1.318	-1.19E-02
1.319	-1.19E-02
1.32	-1.19E-02
1.321	-2.75E-02
1.322	-2.75E-02
1.323	3.75E-03
1.324	-2.75E-02
1.325	-2.75E-02
1.326	-2.75E-02
1.327	3.75E-03
1.328	-2.75E-02
1.329	-2.75E-02
1.33	-1.19E-02
1.331	-1.19E-02
1.332	-1.19E-02
1.333	-1.19E-02
1.334	3.75E-03
1.335	3.75E-03
1.336	-1.19E-02
1.337	-1.19E-02
1.338	3.75E-03
1.339	3.75E-03
1.34	3.75E-03
1.341	1.94E-02
1.342	3.75E-03
1.343	3.75E-03
1.344	3.75E-03
1.345	3.75E-03
1.346	1.94E-02
1.347	1.94E-02
1.348	3.75E-03
1.349	3.75E-03
1.35	3.75E-03
1.351	-1.19E-02
1.352	-1.19E-02
1.353	-1.19E-02
1.354	-1.19E-02
1.355	-2.75E-02
1.356	-2.75E-02
1.357	-2.75E-02
1.358	-2.75E-02
1.359	-2.75E-02
1.36	-1.19E-02
1.361	-2.75E-02
1.362	-1.19E-02
1.363	-2.75E-02
1.364	-4.31E-02
1.365	-1.19E-02
1.366	-1.19E-02
1.367	-2.75E-02
1.368	-1.19E-02
1.369	1.94E-02
1.37	1.94E-02
1.371	1.94E-02
1.372	3.50E-02
1.373	5.06E-02
1.374	6.63E-02
1.375	5.06E-02
1.376	5.06E-02
1.377	5.06E-02
1.378	3.50E-02
1.379	3.50E-02
1.38	1.94E-02
1.381	1.94E-02
1.382	1.94E-02
1.383	3.50E-02
1.384	1.94E-02
1.385	1.94E-02
1.386	3.75E-03
1.387	3.75E-03
1.388	3.75E-03
1.389	3.75E-03
1.39	3.75E-03
1.391	3.75E-03
1.392	3.75E-03
1.393	3.75E-03
1.394	3.75E-03
1.395	3.50E-02
1.396	-1.19E-02
1.397	-1.19E-02
1.398	-2.75E-02
1.399	-2.75E-02
1.4	5.06E-02
1.401	6.63E-02
1.402	5.06E-02
1.403	1.94E-02
1.404	-1.19E-02
1.405	-5.88E-02
1.406	-9.00E-02
1.407	-1.06E-01
1.408	-1.53E-01
1.409	-1.53E-01
1.41	-1.37E-01
1.411	-1.37E-01
1.412	-1.53E-01
1.413	-1.21E-01
1.414	-1.21E-01
1.415	-7.44E-02
1.416	-2.75E-02
1.417	3.75E-03
1.418	3.50E-02
1.419	6.63E-02
1.42	1.13E-01
1.421	1.29E-01
1.422	1.60E-01
1.423	1.60E-01
1.424	1.60E-01
1.425	9.75E-02
1.426	9.75E-02
1.427	9.75E-02
1.428	5.06E-02
1.429	3.50E-02
1.43	1.94E-02
1.431	3.75E-03
1.432	-1.19E-02
1.433	-4.31E-02
1.434	-4.31E-02
1.435	-5.88E-02
1.436	-5.88E-02
1.437	-5.88E-02
1.438	-7.44E-02
1.439	-4.31E-02
1.44	-4.31E-02
1.441	-1.19E-02
1.442	3.75E-03
1.443	3.75E-03
1.444	3.50E-02
1.445	5.06E-02
1.446	5.06E-02
1.447	6.63E-02
1.448	6.63E-02
1.449	6.63E-02
1.45	6.63E-02
1.451	5.06E-02
1.452	5.06E-02
1.453	3.50E-02
1.454	3.75E-03
1.455	3.75E-03
1.456	-1.19E-02
1.457	-5.88E-02
1.458	-7.44E-02
1.459	-7.44E-02
1.46	-1.06E-01
1.461	-1.06E-01
1.462	-1.06E-01
1.463	-9.00E-02
1.464	-9.00E-02
1.465	-7.44E-02
1.466	-2.75E-02
1.467	-1.19E-02
1.468	-1.19E-02
1.469	1.94E-02
1.47	5.06E-02
1.471	6.63E-02
1.472	6.63E-02
1.473	6.63E-02
1.474	6.63E-02
1.475	6.63E-02
1.476	6.63E-02
1.477	5.06E-02
1.478	5.06E-02
1.479	1.94E-02
1.48	1.94E-02
1.481	3.75E-03
1.482	3.75E-03
1.483	3.75E-03
1.484	3.75E-03
1.485	3.75E-03
1.486	3.75E-03
1.487	3.75E-03
1.488	3.75E-03
1.489	3.75E-03
1.49	-1.19E-02
1.491	-1.19E-02
1.492	-2.75E-02
1.493	-2.75E-02
1.494	-4.31E-02
1.495	-1.19E-02
1.496	-2.75E-02
1.497	-2.75E-02
1.498	-2.75E-02
1.499	-2.75E-02
1.5	-2.75E-02
1.501	-1.19E-02
1.502	3.75E-03
1.503	1.94E-02
1.504	1.94E-02
1.505	3.50E-02
1.506	1.94E-02
1.507	3.50E-02
1.508	1.94E-02
1.509	1.94E-02
1.51	3.75E-03
1.511	3.75E-03
1.512	-1.19E-02
1.513	-2.75E-02
1.514	-2.75E-02
1.515	-2.75E-02
1.516	-2.75E-02
1.517	-4.31E-02
1.518	-4.31E-02
1.519	-4.31E-02
1.52	-1.19E-02
1.521	-2.75E-02
1.522	-1.19E-02
1.523	3.75E-03
1.524	3.75E-03
1.525	3.75E-03
1.526	1.94E-02
1.527	1.94E-02
1.528	1.94E-02
1.529	1.94E-02
1.53	3.50E-02
1.531	1.94E-02
1.532	1.94E-02
1.533	3.75E-03
1.534	-1.19E-02
1.535	3.75E-03
1.536	-1.19E-02
1.537	3.75E-03
1.538	-1.19E-02
1.539	-1.19E-02
1.54	-1.19E-02
1.541	1.94E-02
1.542	3.75E-03
1.543	3.75E-03
1.544	1.94E-02
1.545	3.75E-03
1.546	1.94E-02
1.547	1.94E-02
1.548	1.94E-02
1.549	3.75E-03
1.55	1.94E-02
1.551	1.94E-02
1.552	3.75E-03
1.553	-1.19E-02
1.554	-2.75E-02
1.555	-2.75E-02
1.556	-2.75E-02
1.557	-2.75E-02
1.558	-2.75E-02
1.559	-1.19E-02
1.56	-1.19E-02
1.561	-1.19E-02
1.562	-1.19E-02
1.563	3.75E-03
1.564	3.75E-03
1.565	1.94E-02
1.566	3.75E-03
1.567	1.94E-02
1.568	1.94E-02
1.569	3.75E-03
1.57	3.75E-03
1.571	3.75E-03
1.572	3.75E-03
1.573	1.94E-02
1.574	1.94E-02
1.575	3.75E-03
1.576	1.94E-02
1.577	3.75E-03
1.578	3.75E-03
1.579	3.75E-03
1.58	3.75E-03
1.581	-1.19E-02
1.582	3.75E-03
1.583	3.75E-03
1.584	-1.19E-02
1.585	-1.19E-02
1.586	-1.19E-02
1.587	3.75E-03
1.588	-1.19E-02
1.589	-1.19E-02
1.59	3.75E-03
1.591	3.75E-03
1.592	1.94E-02
1.593	3.75E-03
1.594	3.75E-03
1.595	-1.19E-02
1.596	-1.19E-02
1.597	-1.19E-02
1.598	-1.19E-02
1.599	-1.19E-02
1.6	3.75E-03
1.601	-1.19E-02
1.602	-1.19E-02
1.603	-1.19E-02
1.604	1.94E-02
1.605	-1.19E-02
1.606	-1.19E-02
1.607	-1.19E-02
1.608	-1.19E-02
1.609	3.75E-03
1.61	-1.19E-02
1.611	-1.19E-02
1.612	-1.19E-02
1.613	-1.19E-02
1.614	-1.19E-02
1.615	-1.19E-02
1.616	-1.19E-02
1.617	-1.19E-02
1.618	-1.19E-02
1.619	3.75E-03
1.62	1.94E-02
1.621	-1.19E-02
1.622	3.75E-03
1.623	1.94E-02
1.624	3.75E-03
1.625	1.94E-02
1.626	1.94E-02
1.627	1.94E-02
1.628	1.94E-02
1.629	1.94E-02
1.63	1.94E-02
1.631	1.94E-02
1.632	1.94E-02
1.633	1.94E-02
1.634	1.94E-02
1.635	1.94E-02
1.636	1.94E-02
1.637	3.75E-03
1.638	-1.19E-02
1.639	3.75E-03
1.64	-1.19E-02
1.641	-2.75E-02
1.642	-2.75E-02
1.643	-1.19E-02
1.644	-2.75E-02
1.645	-1.19E-02
1.646	-2.75E-02
1.647	-1.19E-02
1.648	3.75E-03
1.649	-2.75E-02
1.65	-1.19E-02
1.651	-1.19E-02
1.652	-1.19E-02
1.653	-1.19E-02
1.654	3.75E-03
1.655	3.75E-03
1.656	3.75E-03
1.657	1.94E-02
1.658	1.94E-02
1.659	1.94E-02
1.66	1.94E-02
1.661	3.50E-02
1.662	3.50E-02
1.663	1.94E-02
1.664	1.94E-02
1.665	1.94E-02
1.666	3.75E-03
1.667	-1.19E-02
1.668	-1.19E-02
1.669	3.75E-03
1.67	-1.19E-02
1.671	-2.75E-02
1.672	-1.19E-02
1.673	-2.75E-02
1.674	-2.75E-02
1.675	-2.75E-02
1.676	3.75E-03
1.677	-1.19E-02
1.678	-2.75E-02
1.679	-1.19E-02
1.68	-1.19E-02
1.681	-1.19E-02
1.682	-1.19E-02
1.683	-1.19E-02
1.684	-1.19E-02
1.685	-1.19E-02
1.686	3.75E-03
1.687	3.75E-03
1.688	-1.19E-02
1.689	3.75E-03
1.69	3.75E-03
1.691	3.75E-03
1.692	3.75E-03
1.693	3.75E-03
1.694	1.94E-02
1.695	3.75E-03
1.696	1.94E-02
1.697	3.50E-02
1.698	1.94E-02
1.699	3.75E-03
1.7	1.94E-02
1.701	1.94E-02
1.702	3.75E-03
1.703	-1.19E-02
1.704	3.75E-03
1.705	1.94E-02
1.706	-1.19E-02
1.707	-1.19E-02
1.708	-2.75E-02
1.709	-4.31E-02
1.71	-4.31E-02
1.711	-5.88E-02
1.712	-5.88E-02
1.713	-1.06E-01
1.714	-1.06E-01
1.715	-1.37E-01
1.716	-1.21E-01
1.717	-1.21E-01
1.718	-7.44E-02
1.719	1.94E-02
1.72	1.13E-01
1.721	2.69E-01
1.722	2.85E-01
1.723	2.85E-01
1.724	3.01E-01
1.725	2.38E-01
1.726	2.07E-01
1.727	1.60E-01
1.728	9.75E-02
1.729	3.50E-02
1.73	-1.21E-01
1.731	-1.37E-01
1.732	-1.84E-01
1.733	-1.84E-01
1.734	-1.37E-01
1.735	-1.53E-01
1.736	-1.53E-01
1.737	-1.84E-01
1.738	-2.15E-01
1.739	-1.99E-01
1.74	-1.99E-01
1.741	-1.84E-01
1.742	-1.68E-01
1.743	-1.37E-01
1.744	-1.06E-01
1.745	-5.88E-02
1.746	1.94E-02
1.747	1.44E-01
1.748	1.91E-01
1.749	2.23E-01
1.75	2.54E-01
1.751	2.85E-01
1.752	2.69E-01
1.753	2.54E-01
1.754	1.91E-01
1.755	1.76E-01
1.756	8.19E-02
1.757	1.94E-02
1.758	-1.19E-02
1.759	-7.44E-02
1.76	-9.00E-02
1.761	-9.00E-02
1.762	-1.21E-01
1.763	-1.21E-01
1.764	-1.06E-01
1.765	-1.06E-01
1.766	-7.44E-02
1.767	-2.75E-02
1.768	1.94E-02
1.769	1.94E-02
1.77	3.50E-02
1.771	6.63E-02
1.772	9.75E-02
1.773	8.19E-02
1.774	9.75E-02
1.775	9.75E-02
1.776	8.19E-02
1.777	5.06E-02
1.778	3.75E-03
1.779	3.75E-03
1.78	-7.44E-02
1.781	-7.44E-02
1.782	-1.21E-01
1.783	-1.37E-01
1.784	-1.68E-01
1.785	-1.68E-01
1.786	-1.68E-01
1.787	-1.53E-01
1.788	-1.37E-01
1.789	-1.37E-01
1.79	-7.44E-02
1.791	-4.31E-02
1.792	-1.19E-02
1.793	1.94E-02
1.794	5.06E-02
1.795	8.19E-02
1.796	8.19E-02
1.797	1.13E-01
1.798	1.13E-01
1.799	1.13E-01
1.8	1.13E-01
1.801	1.13E-01
1.802	9.75E-02
1.803	8.19E-02
1.804	6.63E-02
1.805	3.50E-02
1.806	3.50E-02
1.807	1.94E-02
1.808	3.75E-03
1.809	3.75E-03
1.81	-1.19E-02
1.811	3.75E-03
1.812	3.75E-03
1.813	-1.19E-02
1.814	-1.19E-02
1.815	-1.19E-02
1.816	-1.19E-02
1.817	-2.75E-02
1.818	-2.75E-02
1.819	-2.75E-02
1.82	-4.31E-02
1.821	-4.31E-02
1.822	-4.31E-02
1.823	-4.31E-02
1.824	-4.31E-02
1.825	-2.75E-02
1.826	-4.31E-02
1.827	-4.31E-02
1.828	-2.75E-02
1.829	3.75E-03
1.83	3.75E-03
1.831	1.94E-02
1.832	1.94E-02
1.833	3.75E-03
1.834	3.50E-02
1.835	3.50E-02
1.836	3.50E-02
1.837	3.50E-02
1.838	3.75E-03
1.839	1.94E-02
1.84	1.94E-02
1.841	1.94E-02
1.842	3.75E-03
1.843	3.75E-03
1.844	3.75E-03
1.845	-1.19E-02
1.846	3.75E-03
1.847	3.75E-03
1.848	3.75E-03
1.849	1.94E-02
1.85	3.75E-03
1.851	3.75E-03
1.852	3.75E-03
1.853	1.94E-02
1.854	3.75E-03
1.855	3.75E-03
1.856	-1.19E-02
1.857	-1.19E-02
1.858	-1.19E-02
1.859	-1.19E-02
1.86	-1.19E-02
1.861	-2.75E-02
1.862	-2.75E-02
1.863	-1.19E-02
1.864	-1.19E-02
1.865	-1.19E-02
1.866	-1.19E-02
1.867	3.75E-03
1.868	-1.19E-02
1.869	3.75E-03
1.87	1.94E-02
1.871	3.75E-03
1.872	3.75E-03
1.873	3.75E-03
1.874	-1.19E-02
1.875	3.75E-03
1.876	3.75E-03
1.877	-1.19E-02
1.878	-1.19E-02
1.879	3.75E-03
1.88	-2.75E-02
1.881	-2.75E-02
1.882	-1.19E-02
1.883	3.75E-03
1.884	-1.19E-02
1.885	-1.19E-02
1.886	3.75E-03
1.887	3.75E-03
1.888	3.75E-03
1.889	3.75E-03
1.89	3.75E-03
1.891	3.75E-03
1.892	1.94E-02
1.893	1.94E-02
1.894	1.94E-02
1.895	1.94E-02
1.896	3.50E-02
1.897	1.94E-02
1.898	3.75E-03
1.899	1.94E-02
1.9	1.94E-02
1.901	3.75E-03
1.902	3.75E-03
1.903	3.75E-03
1.904	3.75E-03
1.905	3.75E-03
1.906	3.75E-03
1.907	3.75E-03
1.908	3.75E-03
1.909	3.75E-03
1.91	3.75E-03
1.911	3.75E-03
1.912	3.75E-03
1.913	3.75E-03
1.914	3.75E-03
1.915	3.75E-03
1.916	3.75E-03
1.917	3.75E-03
1.918	3.75E-03
1.919	3.75E-03
1.92	3.75E-03
1.921	-1.19E-02
1.922	-1.19E-02
1.923	-1.19E-02
1.924	3.75E-03
1.925	3.75E-03
1.926	-1.19E-02
1.927	-1.19E-02
1.928	-1.19E-02
1.929	-1.19E-02
1.93	-1.19E-02
1.931	3.75E-03
1.932	-1.19E-02
1.933	-1.19E-02
1.934	-1.19E-02
1.935	3.75E-03
1.936	3.75E-03
1.937	3.75E-03
1.938	3.75E-03
1.939	3.75E-03
1.94	3.75E-03
1.941	3.75E-03
1.942	3.75E-03
1.943	3.75E-03
1.944	-1.19E-02
1.945	-1.19E-02
1.946	-1.19E-02
1.947	-2.75E-02
1.948	-1.19E-02
1.949	-1.19E-02
1.95	-1.19E-02
1.951	-1.19E-02
1.952	-1.19E-02
1.953	3.75E-03
1.954	3.75E-03
1.955	-1.19E-02
1.956	3.75E-03
1.957	-1.19E-02
1.958	3.75E-03
1.959	3.75E-03
1.96	1.94E-02
1.961	3.75E-03
1.962	1.94E-02
1.963	3.75E-03
1.964	3.75E-03
1.965	3.75E-03
1.966	1.94E-02
1.967	1.94E-02
1.968	3.75E-03
1.969	-1.19E-02
1.97	3.75E-03
1.971	1.94E-02
1.972	1.94E-02
1.973	1.94E-02
1.974	1.94E-02
1.975	1.94E-02
1.976	3.75E-03
1.977	3.75E-03
1.978	3.75E-03
1.979	1.94E-02
1.98	3.75E-03
1.981	-1.19E-02
1.982	3.75E-03
1.983	-1.19E-02
1.984	3.75E-03
1.985	-1.19E-02
1.986	-1.19E-02
1.987	3.75E-03
1.988	-1.19E-02
1.989	3.75E-03
1.99	-2.75E-02
1.991	-1.19E-02
1.992	-2.75E-02
1.993	-1.19E-02
1.994	-2.75E-02
1.995	-2.75E-02
1.996	-1.19E-02
1.997	-1.19E-02
1.998	3.75E-03
1.999	3.75E-03
